5.023078999999999739e-02 4.609769900000000413e-28
5.069556900000000282e-02 4.865183800000000381e-28
5.116464999999999902e-02 5.134619699999999613e-28
5.163807000000000119e-02 5.418841099999999987e-28
5.211587100000000111e-02 5.718646400000000300e-28
5.259809399999999802e-02 6.034877999999999555e-28
5.308477799999999913e-02 6.368423699999999749e-28
5.357596500000000317e-02 6.720222499999999974e-28
5.407169800000000137e-02 7.091321900000000193e-28
5.457201700000000044e-02 7.482630400000000177e-28
5.507696499999999856e-02 7.895300899999999661e-28
5.558658600000000033e-02 8.330487399999999346e-28
5.610092299999999699e-02 8.789396600000000716e-28
5.662001800000000112e-02 9.273299900000000550e-28
5.714391700000000240e-02 9.783536799999999218e-28
5.767266299999999901e-02 1.032152400000000038e-27
5.820630100000000196e-02 1.088874199999999935e-27
5.874487800000000037e-02 1.148674900000000014e-27
5.928843699999999939e-02 1.211726899999999976e-27
5.983702700000000096e-02 1.278188200000000007e-27
6.039069200000000276e-02 1.348247900000000012e-27
6.094948000000000032e-02 1.422096900000000012e-27
6.151343900000000309e-02 1.499936199999999979e-27
6.208261500000000072e-02 1.581978399999999931e-27
6.265705900000000106e-02 1.668445799999999984e-27
6.323681700000000072e-02 1.759571600000000080e-27
6.382193999999999368e-02 1.855601700000000098e-27
6.441247799999999524e-02 1.956795899999999938e-27
6.500847899999999402e-02 2.063425799999999916e-27
6.560999500000000428e-02 2.175776200000000143e-27
6.621707699999999919e-02 2.294147299999999953e-27
6.682977599999999352e-02 2.418855900000000129e-27
6.744814400000000154e-02 2.550233599999999921e-27
6.807223399999999536e-02 2.688627299999999943e-27
6.870209900000000258e-02 2.834402899999999912e-27
6.933779099999999584e-02 2.987946200000000135e-27
6.997936600000000118e-02 3.149661199999999968e-27
7.062687700000000457e-02 3.319969799999999946e-27
7.128038000000000429e-02 3.499316899999999967e-27
7.193992899999999968e-02 3.688171600000000090e-27
7.260558100000000237e-02 3.887025299999999687e-27
7.327739199999999675e-02 4.096389800000000196e-27
7.395541899999999447e-02 4.316805200000000254e-27
7.463972000000000662e-02 4.548840500000000043e-27
7.533035300000000267e-02 4.793092100000000117e-27
7.602737599999999374e-02 5.050179799999999701e-27
7.673084900000000375e-02 5.320757800000000286e-27
7.744083100000000164e-02 5.605514400000000230e-27
7.815738199999999747e-02 5.905172100000000145e-27
7.888056300000000076e-02 6.220479499999999849e-27
7.961043600000000664e-02 6.552226999999999763e-27
8.034706299999999635e-02 6.901245400000000102e-27
8.109050499999999329e-02 7.268407999999999933e-27
8.184082600000000540e-02 7.654616399999999830e-27
8.259808999999999901e-02 8.060822999999999407e-27
8.336236099999999594e-02 8.488028000000000714e-27
8.413370300000000412e-02 8.937284400000000667e-27
8.491218300000000219e-02 9.409675100000000665e-27
8.569786499999999807e-02 9.906344200000000400e-27
8.649081799999999709e-02 1.042849199999999968e-26
8.729110800000000614e-02 1.097738500000000052e-26
8.809880200000000383e-02 1.155431999999999939e-26
8.891397099999999443e-02 1.216066599999999970e-26
8.973668099999999870e-02 1.279786100000000004e-26
9.056700500000000598e-02 1.346742200000000064e-26
9.140501099999999435e-02 1.417089599999999940e-26
9.225077099999999530e-02 1.490992000000000015e-26
9.310435699999999870e-02 1.568620500000000012e-26
9.396584099999999440e-02 1.650156700000000129e-26
9.483529599999999948e-02 1.735784399999999992e-26
9.571279600000000276e-02 1.825698099999999863e-26
9.659841600000000639e-02 1.920101399999999954e-26
9.749222999999999917e-02 2.019210299999999860e-26
9.839431399999999661e-02 2.123242499999999937e-26
9.930474599999999930e-02 2.232428399999999867e-26
1.002235999999999960e-01 2.347008699999999940e-26
1.011509599999999981e-01 2.467240100000000068e-26
1.020868999999999943e-01 2.593378700000000262e-26
1.030314999999999981e-01 2.866573400000000135e-26
1.039848300000000003e-01 3.010637400000000041e-26
1.049469900000000039e-01 3.161665900000000014e-26
1.059180599999999944e-01 3.319966299999999787e-26
1.068980999999999959e-01 3.485865600000000101e-26
1.078872200000000059e-01 3.659703699999999746e-26
1.088854900000000014e-01 3.841846500000000087e-26
1.098929899999999960e-01 4.032652400000000059e-26
1.109098200000000062e-01 4.232503100000000202e-26
1.119360600000000039e-01 4.441795300000000180e-26
1.129717900000000025e-01 4.845537599999999893e-26
1.140170999999999962e-01 5.081903999999999719e-26
1.150720900000000019e-01 5.329261800000000124e-26
1.161368400000000051e-01 5.588076899999999878e-26
1.172114400000000001e-01 5.858855999999999867e-26
1.182959799999999950e-01 6.142091500000000104e-26
1.193905600000000067e-01 6.438304299999999971e-26
1.204952700000000015e-01 6.748036200000000297e-26
1.216102000000000016e-01 7.071871499999999620e-26
1.227354499999999959e-01 7.410376499999999594e-26
1.238710999999999979e-01 7.764147099999999806e-26
1.250172700000000137e-01 8.377017800000000327e-26
1.261740399999999873e-01 8.772329399999999938e-26
1.273415099999999911e-01 9.185209500000000353e-26
1.285197899999999949e-01 9.616322900000000033e-26
1.297089700000000068e-01 1.006638999999999966e-25
1.309091500000000019e-01 1.053618599999999924e-25
1.321204400000000057e-01 1.102645999999999898e-25
1.333429299999999984e-01 1.153798699999999985e-25
1.345767400000000003e-01 1.207157899999999970e-25
1.358219599999999916e-01 1.262811399999999982e-25
1.370787099999999925e-01 1.320843199999999933e-25
1.383470800000000112e-01 1.412269099999999943e-25
1.396271900000000121e-01 1.476481499999999924e-25
1.409191499999999930e-01 1.543391499999999946e-25
1.422230600000000122e-01 1.613094599999999973e-25
1.435390300000000119e-01 1.685687799999999997e-25
1.448671800000000121e-01 1.761273700000000033e-25
1.462076200000000104e-01 1.839963100000000093e-25
1.475604600000000044e-01 1.921861700000000096e-25
1.489258199999999865e-01 2.007075600000000045e-25
1.503038200000000046e-01 2.131597899999999942e-25
1.516945600000000061e-01 2.225132500000000149e-25
1.530981700000000056e-01 2.322385500000000157e-25
1.545147699999999957e-01 2.423470200000000100e-25
1.559444799999999964e-01 2.528510699999999845e-25
1.573874200000000001e-01 2.637641700000000219e-25
1.588437000000000043e-01 2.750990300000000224e-25
1.603134700000000135e-01 2.868680400000000034e-25
1.617968300000000026e-01 2.990844099999999813e-25
1.632939200000000091e-01 3.158022000000000027e-25
1.648048599999999975e-01 3.291072300000000023e-25
1.663297800000000104e-01 3.429066899999999994e-25
1.678688100000000072e-01 3.572143999999999834e-25
1.694220800000000027e-01 3.720460800000000084e-25
1.709897200000000117e-01 3.874163299999999863e-25
1.725718699999999883e-01 4.033386199999999994e-25
1.741686600000000029e-01 4.198276599999999996e-25
1.757802199999999870e-01 4.368999100000000241e-25
1.774066900000000058e-01 4.590324000000000202e-25
1.790482200000000079e-01 4.774822199999999647e-25
1.807049300000000136e-01 4.965655699999999543e-25
1.823769699999999994e-01 5.162994400000000280e-25
1.840644899999999973e-01 5.366997900000000149e-25
1.857676099999999997e-01 5.577800599999999738e-25
1.874865000000000004e-01 5.795554800000000346e-25
1.892212899999999864e-01 6.020437599999999735e-25
1.909721400000000124e-01 6.252610000000000048e-25
1.927391800000000099e-01 6.492199499999999685e-25
1.945225700000000058e-01 6.739355499999999966e-25
1.963224699999999989e-01 6.994255999999999820e-25
1.981390199999999990e-01 7.257061899999999933e-25
1.999723700000000104e-01 7.527888099999999853e-25
2.018226999999999938e-01 7.806877700000000100e-25
2.036901399999999918e-01 8.094207199999999804e-25
2.055748599999999982e-01 8.390035000000000907e-25
2.074770200000000120e-01 8.694458899999999207e-25
2.093967800000000046e-01 9.007612699999999414e-25
2.113343099999999974e-01 9.329668999999999902e-25
2.132897599999999949e-01 9.660781500000000307e-25
2.152633100000000133e-01 1.000102600000000032e-24
2.172551100000000013e-01 1.035052299999999927e-24
2.192653499999999978e-01 1.070943999999999936e-24
2.212941900000000017e-01 1.107792500000000080e-24
2.233418000000000070e-01 1.145602700000000065e-24
2.254083500000000073e-01 1.184385500000000073e-24
2.274940300000000137e-01 1.224156999999999951e-24
2.295990099999999923e-01 1.264931299999999999e-24
2.317234599999999922e-01 1.306710700000000090e-24
2.338675699999999968e-01 1.349504600000000058e-24
2.360315199999999947e-01 1.393328999999999946e-24
2.382154900000000020e-01 1.438196600000000060e-24
2.404196700000000020e-01 1.484107600000000007e-24
2.426442500000000058e-01 1.531070199999999963e-24
2.448894100000000018e-01 1.579100900000000091e-24
2.471553400000000011e-01 1.628210799999999993e-24
2.494422400000000095e-01 1.678399000000000158e-24
2.517502999999999824e-01 1.729672299999999852e-24
2.540797200000000089e-01 1.782048699999999951e-24
2.564306900000000167e-01 1.835537900000000064e-24
2.588034200000000062e-01 1.890138699999999985e-24
2.611980899999999939e-01 1.945857800000000096e-24
2.636149300000000251e-01 2.002715199999999900e-24
2.660541299999999998e-01 2.060719999999999822e-24
2.685158999999999740e-01 2.119871900000000087e-24
2.710004500000000038e-01 2.180178599999999838e-24
2.735079799999999839e-01 2.241663200000000182e-24
2.760387200000000152e-01 2.304334800000000073e-24
2.785928699999999925e-01 2.368195900000000093e-24
2.811706600000000167e-01 2.433256199999999850e-24
2.837722999999999773e-01 2.499544299999999891e-24
2.863980199999999754e-01 2.567070199999999969e-24
2.890480200000000166e-01 2.635841099999999846e-24
2.917225500000000249e-01 2.705870300000000113e-24
2.944218299999999955e-01 2.777193700000000150e-24
2.971460799999999791e-01 2.849822699999999887e-24
2.998955400000000160e-01 2.923771699999999950e-24
3.026704399999999850e-01 2.999059500000000007e-24
3.054710099999999873e-01 3.075731200000000028e-24
3.082975000000000021e-01 3.153801100000000105e-24
3.111501400000000195e-01 3.233292999999999964e-24
3.140291800000000189e-01 3.314232900000000134e-24
3.169348599999999849e-01 3.396677200000000348e-24
3.198674200000000134e-01 3.480644000000000184e-24
3.228271099999999727e-01 3.566167999999999917e-24
3.258141999999999983e-01 3.653285299999999998e-24
3.288289200000000245e-01 3.742064999999999732e-24
3.318715400000000204e-01 3.832530500000000000e-24
3.349423000000000261e-01 3.924728600000000363e-24
3.380414900000000000e-01 4.018709000000000172e-24
3.411693499999999823e-01 4.114551899999999986e-24
3.443261499999999975e-01 4.212289199999999725e-24
3.475121600000000144e-01 4.311979799999999702e-24
3.507276500000000019e-01 4.413690300000000108e-24
3.539728899999999845e-01 4.517511000000000326e-24
3.572481599999999813e-01 4.623485300000000006e-24
3.605537400000000114e-01 4.731684899999999937e-24
3.638898999999999884e-01 4.842195300000000149e-24
3.672569299999999815e-01 4.955116099999999684e-24
3.706551200000000046e-01 5.070504300000000032e-24
3.740847500000000214e-01 5.188443600000000362e-24
3.775461099999999903e-01 5.309040999999999821e-24
3.810395100000000257e-01 5.432405699999999829e-24
3.845652199999999854e-01 5.558606700000000255e-24
3.881235599999999786e-01 5.687744500000000205e-24
3.917148200000000191e-01 5.819947899999999922e-24
3.953393099999999993e-01 5.955335799999999703e-24
3.989973399999999781e-01 6.093989099999999829e-24
4.026892200000000144e-01 6.236026900000000202e-24
4.064152600000000004e-01 6.381601799999999688e-24
4.101757699999999951e-01 6.530841000000000218e-24
4.139710799999999913e-01 6.683840699999999458e-24
4.178015099999999871e-01 6.840738300000000532e-24
4.216673799999999805e-01 7.001715700000000005e-24
4.255690200000000201e-01 7.166906399999999507e-24
4.295067599999999874e-01 7.336425099999999533e-24
4.334809399999999813e-01 7.510427999999999935e-24
4.374918899999999944e-01 7.689130499999999918e-24
4.415399500000000144e-01 7.872672599999999684e-24
4.456254700000000235e-01 8.061191899999999759e-24
4.497487900000000094e-01 8.254871800000000730e-24
4.539102700000000046e-01 8.453950300000000589e-24
4.581102499999999966e-01 8.658584900000000665e-24
4.623490900000000181e-01 8.868942800000000427e-24
4.666271499999999905e-01 9.085236899999999968e-24
4.709447999999999968e-01 9.307728400000000026e-24
4.753024000000000138e-01 9.536599899999999828e-24
4.797003200000000134e-01 9.772046700000000374e-24
4.841389300000000229e-01 1.001432399999999954e-23
4.886186100000000088e-01 1.026371799999999946e-23
4.931397399999999931e-01 1.052044100000000068e-23
4.977027099999999926e-01 1.078472299999999933e-23
5.023079000000000294e-01 1.105686599999999946e-23
5.069556899999999589e-01 1.133718800000000001e-23
5.116465000000000041e-01 1.162593599999999960e-23
5.163807000000000258e-01 1.192338199999999971e-23
5.211587100000000250e-01 1.222988199999999930e-23
5.259809399999999524e-01 1.254579399999999927e-23
5.308477799999999913e-01 1.287140199999999947e-23
5.357596500000000317e-01 1.320703200000000071e-23
5.407169800000000137e-01 1.355311099999999935e-23
5.457201699999999489e-01 1.391002299999999939e-23
5.507696499999999995e-01 1.427811200000000139e-23
5.558658600000000449e-01 1.465776300000000078e-23
5.610092300000000254e-01 1.504948699999999873e-23
5.662001800000000529e-01 1.545370200000000125e-23
5.714391699999999963e-01 1.587081900000000099e-23
5.767266300000000179e-01 1.630129599999999856e-23
5.820630100000000473e-01 1.674573300000000112e-23
5.874487800000000037e-01 1.720459799999999986e-23
5.928843700000000494e-01 1.767837999999999967e-23
5.983702699999999819e-01 1.816762600000000125e-23
6.039069200000000137e-01 1.867303000000000130e-23
6.094948000000000032e-01 1.919511899999999883e-23
6.151343900000000309e-01 1.973447499999999975e-23
6.208261499999999655e-01 2.029176199999999966e-23
6.265705900000000383e-01 2.086776899999999965e-23
6.323681700000000072e-01 2.146309799999999855e-23
6.382193999999999923e-01 2.207844699999999984e-23
6.441247799999999524e-01 2.271461200000000037e-23
6.500847899999999679e-01 2.337247499999999937e-23
6.560999499999999873e-01 2.405275199999999862e-23
6.621707700000000196e-01 2.475627099999999948e-23
6.682977599999999629e-01 2.548397800000000135e-23
6.744814399999999877e-01 2.623686900000000052e-23
6.807223399999999813e-01 2.701578700000000185e-23
6.870209900000000536e-01 2.782170999999999748e-23
6.933779100000000417e-01 2.865578200000000046e-23
6.997936599999999840e-01 2.951909200000000226e-23
7.062687699999999902e-01 3.041267000000000124e-23
7.128037999999999874e-01 3.133765299999999999e-23
7.193992900000000246e-01 3.229542199999999908e-23
7.260558099999999682e-01 3.328717799999999835e-23
7.327739199999999675e-01 3.431415599999999970e-23
7.395541900000000002e-01 3.537769700000000025e-23
7.463971999999999829e-01 3.647944999999999815e-23
7.533035300000000545e-01 3.762074699999999725e-23
7.602737600000000207e-01 3.880305399999999727e-23
7.673084900000000097e-01 4.002800399999999853e-23
7.744083099999999886e-01 4.129746799999999787e-23
7.815738199999999747e-01 4.261299000000000137e-23
7.888056300000000354e-01 4.397630800000000142e-23
7.961043599999999554e-01 4.538941000000000146e-23
8.034706299999999635e-01 4.685437900000000058e-23
8.109050500000000161e-01 4.837302199999999837e-23
8.184082599999999985e-01 4.994742199999999979e-23
8.259809000000000179e-01 5.157999500000000194e-23
8.336236099999999594e-01 5.327299600000000270e-23
8.413370300000000412e-01 5.502860899999999818e-23
8.491218299999999664e-01 5.684930700000000165e-23
8.569786499999999529e-01 5.873802700000000490e-23
8.649081800000000264e-01 6.069714499999999573e-23
8.729110799999999504e-01 6.272937099999999840e-23
8.809880199999999828e-01 6.483769499999999645e-23
8.891397100000000275e-01 6.702539699999999963e-23
8.973668099999999592e-01 6.929525100000000006e-23
9.056700500000000043e-01 7.165051599999999967e-23
9.140501100000000267e-01 7.409482799999999692e-23
9.225077099999999808e-01 7.663169099999999482e-23
9.310435700000000425e-01 7.926454199999999554e-23
9.396584100000000550e-01 8.199722399999999565e-23
9.483529600000000226e-01 8.483408000000000210e-23
9.571279599999999999e-01 8.777891400000000534e-23
9.659841599999999806e-01 9.083595599999999487e-23
9.749223000000000194e-01 9.400980399999999869e-23
9.839431400000000494e-01 9.730532500000000443e-23
9.930474599999999930e-01 1.007270099999999947e-22
1.002235999999999905e+00 1.042799000000000033e-22
1.011509599999999898e+00 1.079694900000000111e-22
1.020869000000000026e+00 1.118011300000000092e-22
1.030315000000000092e+00 1.157802999999999895e-22
1.039848300000000059e+00 1.199129299999999956e-22
1.049469900000000067e+00 1.242054799999999885e-22
1.059180599999999917e+00 1.286639900000000081e-22
1.068980999999999959e+00 1.332950399999999961e-22
1.078872199999999948e+00 1.381056799999999978e-22
1.088854900000000070e+00 1.431031999999999967e-22
1.098929899999999904e+00 1.482947699999999952e-22
1.109098200000000034e+00 1.536881599999999943e-22
1.119360600000000039e+00 1.592917200000000004e-22
1.129717899999999942e+00 1.651136799999999919e-22
1.140171000000000046e+00 1.711626099999999910e-22
1.150720900000000047e+00 1.774476700000000101e-22
1.161368399999999967e+00 1.839785500000000025e-22
1.172114399999999890e+00 1.907647500000000007e-22
1.182959799999999895e+00 1.978164599999999920e-22
1.193905599999999900e+00 2.051444900000000017e-22
1.204952699999999988e+00 2.127598900000000171e-22
1.216102000000000016e+00 2.206738999999999930e-22
1.227354499999999904e+00 2.288985299999999985e-22
1.238710999999999895e+00 2.374464500000000094e-22
1.250172700000000026e+00 2.463303300000000011e-22
1.261740400000000095e+00 2.555634899999999888e-22
1.273415100000000022e+00 2.651601099999999874e-22
1.285197900000000004e+00 2.751347599999999791e-22
1.297089699999999901e+00 2.855022400000000170e-22
1.309091500000000075e+00 2.962783499999999871e-22
1.321204400000000057e+00 3.074796500000000223e-22
1.333429299999999929e+00 3.191229200000000129e-22
1.345767399999999947e+00 3.312256300000000154e-22
1.358219599999999971e+00 3.438064199999999878e-22
1.370787100000000036e+00 3.568843700000000137e-22
1.383470800000000001e+00 3.704790199999999899e-22
1.396271899999999899e+00 3.846111499999999838e-22
1.409191499999999930e+00 3.993024000000000155e-22
1.422230600000000011e+00 4.145749099999999982e-22
1.435390299999999897e+00 4.304516899999999707e-22
1.448671800000000065e+00 4.469570499999999563e-22
1.462076200000000048e+00 4.641161399999999623e-22
1.475604600000000044e+00 4.819546399999999835e-22
1.489258200000000087e+00 5.004999800000000160e-22
1.503038199999999991e+00 5.197802699999999554e-22
1.516945599999999894e+00 5.398246400000000162e-22
1.530981699999999890e+00 5.606636100000000249e-22
1.545147700000000013e+00 5.823287599999999722e-22
1.559444800000000075e+00 6.048531399999999960e-22
1.573874199999999890e+00 6.282705700000000430e-22
1.588437000000000099e+00 6.526170000000000435e-22
1.603134700000000024e+00 6.779293399999999626e-22
1.617968300000000026e+00 7.042455499999999920e-22
1.632939200000000035e+00 7.316060500000000366e-22
1.648048600000000086e+00 7.600520499999999674e-22
1.663297800000000048e+00 7.896270299999999891e-22
1.678688100000000016e+00 8.203751500000000173e-22
1.694220800000000082e+00 8.523436200000000478e-22
1.709897199999999895e+00 8.855808500000000257e-22
1.725718700000000050e+00 9.201367000000000744e-22
1.741686599999999974e+00 9.560636999999999446e-22
1.757802199999999981e+00 9.934164800000000274e-22
1.774066900000000002e+00 1.032251600000000063e-21
1.790482200000000024e+00 1.072627199999999913e-21
1.807049300000000081e+00 1.114604599999999930e-21
1.823769699999999938e+00 1.158247799999999938e-21
1.840644900000000028e+00 1.203622099999999931e-21
1.857676099999999941e+00 1.250795700000000076e-21
1.874865000000000004e+00 1.299840399999999916e-21
1.892212900000000086e+00 1.350830700000000032e-21
1.909721400000000013e+00 1.403842299999999922e-21
1.927391800000000099e+00 1.458955199999999929e-21
1.945225699999999946e+00 1.516253599999999986e-21
1.963224700000000045e+00 1.575823399999999963e-21
1.981390200000000101e+00 1.637752599999999991e-21
1.999723700000000104e+00 1.702135800000000070e-21
2.018226999999999993e+00 1.769070900000000128e-21
2.036901400000000084e+00 1.838656200000000048e-21
2.055748599999999815e+00 1.910996599999999952e-21
2.074770200000000120e+00 1.986201900000000077e-21
2.093967800000000157e+00 2.064384999999999959e-21
2.113343099999999808e+00 2.145660900000000152e-21
2.132897600000000171e+00 2.230152300000000046e-21
2.152633100000000077e+00 2.317988300000000143e-21
2.172551100000000179e+00 2.409296900000000091e-21
2.192653500000000033e+00 2.504215599999999945e-21
2.212941900000000128e+00 2.602886799999999876e-21
2.233417999999999903e+00 2.705458399999999818e-21
2.254083500000000129e+00 2.812081799999999894e-21
2.274940299999999915e+00 2.922916499999999958e-21
2.295990100000000034e+00 3.038129800000000147e-21
2.317234599999999922e+00 3.157889599999999871e-21
2.338675700000000024e+00 3.282377200000000026e-21
2.360315200000000058e+00 3.411777000000000059e-21
2.382154900000000186e+00 3.546281300000000013e-21
2.404196699999999964e+00 3.686088100000000332e-21
2.426442499999999836e+00 3.831407499999999953e-21
2.448894099999999963e+00 3.982454699999999694e-21
2.471553399999999900e+00 4.139452200000000198e-21
2.494422399999999929e+00 4.302632499999999967e-21
2.517503000000000046e+00 4.472238299999999752e-21
2.540797200000000089e+00 4.648521199999999943e-21
2.564306900000000056e+00 4.831740600000000082e-21
2.588034200000000062e+00 5.022165300000000180e-21
2.611980899999999828e+00 5.220077699999999741e-21
2.636149300000000029e+00 5.425771399999999929e-21
2.660541300000000220e+00 5.639549999999999766e-21
2.685159000000000074e+00 5.861721300000000308e-21
2.710004500000000149e+00 6.092618200000000201e-21
2.735079799999999839e+00 6.332582699999999866e-21
2.760387199999999819e+00 6.581962799999999942e-21
2.785928699999999925e+00 6.841120900000000088e-21
2.811706599999999945e+00 7.110442700000000121e-21
2.837722999999999995e+00 7.390328000000000186e-21
2.863980199999999865e+00 7.681172799999999659e-21
2.890480199999999833e+00 7.983408299999999703e-21
2.917225499999999805e+00 8.297483999999999325e-21
2.944218300000000177e+00 8.623853200000000555e-21
2.971460800000000013e+00 8.962984999999999853e-21
2.998955399999999827e+00 9.315379299999999568e-21
3.026704399999999850e+00 9.681558599999999985e-21
3.054710099999999873e+00 1.006204199999999964e-20
3.082974999999999799e+00 1.045738800000000013e-20
3.111501399999999862e+00 1.086816900000000048e-20
3.140291799999999967e+00 1.129499199999999962e-20
3.169348600000000182e+00 1.173845799999999999e-20
3.198674200000000134e+00 1.219922599999999991e-20
3.228271100000000171e+00 1.267794799999999953e-20
3.258141999999999872e+00 1.317533300000000075e-20
3.288289199999999912e+00 1.369208599999999877e-20
3.318715399999999871e+00 1.422896099999999974e-20
3.349422999999999817e+00 1.478672300000000106e-20
3.380414899999999889e+00 1.536618499999999886e-20
3.411693500000000157e+00 1.596818499999999935e-20
3.443261500000000197e+00 1.659357200000000147e-20
3.475121600000000033e+00 1.724325200000000136e-20
3.507276500000000130e+00 1.791817199999999878e-20
3.539728900000000067e+00 1.861927899999999953e-20
3.572481600000000146e+00 1.934757199999999973e-20
3.605537399999999781e+00 2.010411800000000050e-20
3.638898999999999884e+00 2.089000099999999972e-20
3.672569300000000148e+00 2.170630600000000141e-20
3.706551199999999824e+00 2.255420499999999962e-20
3.740847500000000103e+00 2.343494900000000117e-20
3.775461099999999792e+00 2.434976299999999964e-20
3.810395100000000035e+00 2.529991599999999876e-20
3.845652199999999965e+00 2.628677299999999972e-20
3.881235600000000119e+00 2.731180199999999932e-20
3.917148200000000191e+00 2.837638500000000150e-20
3.953393099999999993e+00 2.948200100000000184e-20
3.989973399999999781e+00 3.063024500000000264e-20
4.026892199999999811e+00 3.182279600000000173e-20
4.064152599999999893e+00 3.306127900000000025e-20
4.101757700000000284e+00 3.434739600000000277e-20
4.139710799999999580e+00 3.568300199999999950e-20
4.178015099999999649e+00 3.706996699999999811e-20
4.216673799999999694e+00 3.851026600000000222e-20
4.255690200000000090e+00 4.000585899999999794e-20
4.295067600000000319e+00 4.155884699999999724e-20
4.334809400000000146e+00 4.317139600000000152e-20
4.374918899999999944e+00 4.484577199999999829e-20
4.415399500000000366e+00 4.658431000000000124e-20
4.456254699999999680e+00 4.838938700000000080e-20
4.497487900000000316e+00 5.026351000000000239e-20
4.539102699999999935e+00 5.220930299999999726e-20
4.581102500000000077e+00 5.422946600000000102e-20
4.623490900000000181e+00 5.632671100000000110e-20
4.666271499999999683e+00 5.850396300000000437e-20
4.709448000000000079e+00 6.076425499999999906e-20
4.753023999999999916e+00 6.311063700000000321e-20
4.797003199999999801e+00 6.554629400000000559e-20
4.841389300000000340e+00 6.807459299999999429e-20
4.886186099999999755e+00 7.069901999999999775e-20
4.931397399999999820e+00 7.342308099999999946e-20
4.977027099999999926e+00 7.625044299999999998e-20
5.023079000000000072e+00 7.918498499999999803e-20
5.069556900000000255e+00 8.223069100000000030e-20
5.116464999999999819e+00 8.539163899999999860e-20
5.163807000000000258e+00 8.867195000000000072e-20
5.211587100000000028e+00 9.207626699999999663e-20
5.259809399999999968e+00 9.560896800000000258e-20
5.308477800000000357e+00 9.927481500000000070e-20
5.357596499999999651e+00 1.030785699999999972e-19
5.407169800000000137e+00 1.070254300000000054e-19
5.457201699999999711e+00 1.111205399999999942e-19
5.507696499999999773e+00 1.153693199999999981e-19
5.558658600000000227e+00 1.197772199999999901e-19
5.610092299999999810e+00 1.243501399999999980e-19
5.662001799999999641e+00 1.290939999999999927e-19
5.714391700000000185e+00 1.340149500000000004e-19
5.767266300000000179e+00 1.391193299999999997e-19
5.820630099999999807e+00 1.444137500000000070e-19
5.874487799999999815e+00 1.499049799999999923e-19
5.928843699999999828e+00 1.556000999999999937e-19
5.983702700000000263e+00 1.615062200000000003e-19
6.039069200000000137e+00 1.676308000000000032e-19
6.094947999999999588e+00 1.739816300000000053e-19
6.151343899999999643e+00 1.805669100000000092e-19
6.208261499999999877e+00 1.873946600000000007e-19
6.265705900000000383e+00 1.944731599999999954e-19
6.323681699999999850e+00 2.018109799999999898e-19
6.382194000000000145e+00 2.094173699999999942e-19
6.441247800000000190e+00 2.173023900000000112e-19
6.500847900000000124e+00 2.254747500000000239e-19
6.560999500000000317e+00 2.339440800000000197e-19
6.621707699999999974e+00 2.427204500000000091e-19
6.682977600000000074e+00 2.518149299999999958e-19
6.744814400000000099e+00 2.612384600000000046e-19
6.807223399999999813e+00 2.710013100000000062e-19
6.870209899999999870e+00 2.811149600000000044e-19
6.933779099999999751e+00 2.915910399999999972e-19
6.997936600000000062e+00 3.024419200000000183e-19
7.062687699999999680e+00 3.136796500000000013e-19
7.128038000000000096e+00 3.253166899999999762e-19
7.193992899999999580e+00 3.373657700000000106e-19
7.260558099999999904e+00 3.498404899999999943e-19
7.327739199999999897e+00 3.627544399999999775e-19
7.395541899999999558e+00 3.761216699999999767e-19
7.463972000000000051e+00 3.899560500000000155e-19
7.533035299999999879e+00 4.042722800000000049e-19
7.602737600000000207e+00 4.190851199999999979e-19
7.673084900000000097e+00 4.344093199999999679e-19
7.744083100000000108e+00 4.502615499999999582e-19
7.815738200000000191e+00 4.666566499999999866e-19
7.888056299999999688e+00 4.836114500000000260e-19
7.961043599999999998e+00 5.011420300000000301e-19
8.034706299999999857e+00 5.192645300000000468e-19
8.109050500000000383e+00 5.379969800000000021e-19
8.184082599999999985e+00 5.573559699999999746e-19
8.259809000000000623e+00 5.773594299999999586e-19
8.336236100000000704e+00 5.980253999999999602e-19
8.413370300000000412e+00 6.193710800000000181e-19
8.491218299999999886e+00 6.414156400000000143e-19
8.569786499999999307e+00 6.641762799999999875e-19
8.649081799999999376e+00 6.876722300000000100e-19
8.729110800000000836e+00 7.119232999999999711e-19
8.809880200000000272e+00 7.369475500000000365e-19
8.891397100000000719e+00 7.627641400000000085e-19
8.973668099999999370e+00 7.893915799999999872e-19
9.056700499999999820e+00 8.168496199999999605e-19
9.140501099999999823e+00 8.451565500000000051e-19
9.225077100000000030e+00 8.743337900000000602e-19
9.310435699999999315e+00 9.044003500000000781e-19
9.396584100000000106e+00 9.353740899999999757e-19
9.483529600000000670e+00 9.672736400000000410e-19
9.571279600000000443e+00 1.000117300000000045e-18
9.659841600000000028e+00 1.033924499999999925e-18
9.749223000000000638e+00 1.068717199999999984e-18
9.839431400000000494e+00 1.104511900000000062e-18
9.930474600000000152e+00 1.141323800000000019e-18
1.002236000000000082e+01 1.179170500000000007e-18
1.011509599999999942e+01 1.218069399999999929e-18
1.020869000000000071e+01 1.258039700000000002e-18
1.030315000000000047e+01 1.299097499999999955e-18
1.039848300000000059e+01 1.341260499999999967e-18
1.049469900000000067e+01 1.384539999999999953e-18
1.059180600000000005e+01 1.428950000000000012e-18
1.068980999999999959e+01 1.474505399999999918e-18
1.078872199999999992e+01 1.521220500000000048e-18
1.088854899999999937e+01 1.569105199999999920e-18
1.098929900000000082e+01 1.618171400000000005e-18
1.109098200000000034e+01 1.668432799999999931e-18
1.119360600000000083e+01 1.719899999999999993e-18
1.129717899999999986e+01 1.772579700000000155e-18
1.140170999999999957e+01 1.826479200000000166e-18
1.150720899999999958e+01 1.881602800000000084e-18
1.161368399999999923e+01 1.937956199999999977e-18
1.172114400000000067e+01 1.995547899999999932e-18
1.182959800000000072e+01 2.054378300000000063e-18
1.193905600000000078e+01 2.114454099999999948e-18
1.204952699999999943e+01 2.175772700000000009e-18
1.216102000000000061e+01 2.238335599999999900e-18
1.227354500000000037e+01 2.302139499999999844e-18
1.238710999999999984e+01 2.367183199999999889e-18
1.250172700000000070e+01 2.433465199999999996e-18
1.261740400000000051e+01 2.500978100000000003e-18
1.273415100000000066e+01 2.569716399999999898e-18
1.285197900000000004e+01 2.639673999999999887e-18
1.297089700000000079e+01 2.710839000000000078e-18
1.309091500000000075e+01 2.783201499999999989e-18
1.321204400000000057e+01 2.856759799999999910e-18
1.333429300000000062e+01 2.931497400000000192e-18
1.345767400000000080e+01 3.007398399999999816e-18
1.358219599999999971e+01 3.084450000000000177e-18
1.370787100000000081e+01 3.162644499999999873e-18
1.383470799999999912e+01 3.241968100000000017e-18
1.396271899999999988e+01 3.322401200000000086e-18
1.409191500000000019e+01 3.403927400000000073e-18
1.422230599999999967e+01 3.486526900000000171e-18
1.435390300000000074e+01 3.570188200000000214e-18
1.448671799999999976e+01 3.654891599999999652e-18
1.462076199999999915e+01 3.740619699999999737e-18
1.475604599999999955e+01 3.827358500000000372e-18
1.489258200000000087e+01 3.915088300000000233e-18
1.503038199999999946e+01 4.003787500000000159e-18
1.516945600000000027e+01 4.093438800000000276e-18
1.530981700000000068e+01 4.184032600000000186e-18
1.545147700000000057e+01 4.275547500000000013e-18
1.559444799999999987e+01 4.367973000000000262e-18
1.573874200000000023e+01 4.461298199999999781e-18
1.588437000000000054e+01 4.555500999999999654e-18
1.603134700000000024e+01 4.650563000000000081e-18
1.617968300000000070e+01 4.746470600000000305e-18
1.632939199999999857e+01 4.843210900000000154e-18
1.648048599999999908e+01 4.940772100000000149e-18
1.663297800000000137e+01 5.039142899999999798e-18
1.678688100000000105e+01 5.138313700000000244e-18
1.694220800000000082e+01 5.238288100000000192e-18
1.709897199999999984e+01 5.339049100000000237e-18
1.725718699999999828e+01 5.440577500000000354e-18
1.741686599999999885e+01 5.542862800000000276e-18
1.757802200000000070e+01 5.645894800000000207e-18
1.774066900000000047e+01 5.749663499999999635e-18
1.790482199999999935e+01 5.854157099999999854e-18
1.807049299999999903e+01 5.959371099999999978e-18
1.823769700000000071e+01 6.065284700000000302e-18
1.840644899999999851e+01 6.171886900000000032e-18
1.857676100000000119e+01 6.279159300000000139e-18
1.874865000000000137e+01 6.387084500000000336e-18
1.892212900000000175e+01 6.495644399999999752e-18
1.909721400000000102e+01 6.604805099999999991e-18
1.927391799999999833e+01 6.714539099999999841e-18
1.945225699999999946e+01 6.824816600000000139e-18
1.963224699999999956e+01 6.935598100000000138e-18
1.981390199999999879e+01 7.046843000000000707e-18
1.999723699999999837e+01 7.158510899999999690e-18
2.018226999999999904e+01 7.270551500000000228e-18
2.036901399999999995e+01 7.382902599999999405e-18
2.055748600000000081e+01 7.495505300000000246e-18
2.074770200000000031e+01 7.608290999999999570e-18
2.093967800000000068e+01 7.721187099999999232e-18
2.113343100000000163e+01 7.834102299999999277e-18
2.132897600000000082e+01 7.946948800000000350e-18
2.152633099999999899e+01 8.059632100000000053e-18
2.172551100000000091e+01 8.172052599999999555e-18
2.192653500000000122e+01 8.284101400000000095e-18
2.212941899999999862e+01 8.395661699999999531e-18
2.233417999999999992e+01 8.506611900000000526e-18
2.254083500000000129e+01 8.616823100000000219e-18
2.274940300000000093e+01 8.726160999999999616e-18
2.295990099999999856e+01 8.834485200000000699e-18
2.317234600000000100e+01 8.941656300000000340e-18
2.338675699999999935e+01 9.047519799999999238e-18
2.360315200000000146e+01 9.151923799999999595e-18
2.382154900000000097e+01 9.254701800000000266e-18
2.404196699999999964e+01 9.355690899999999581e-18
2.426442499999999924e+01 9.454730800000000452e-18
2.448894100000000051e+01 9.551646800000000191e-18
2.471553400000000167e+01 9.646259799999999489e-18
2.494422399999999840e+01 9.738393300000000540e-18
2.517502999999999957e+01 9.827867899999999714e-18
2.540797200000000089e+01 9.914502900000000332e-18
2.564306900000000056e+01 9.998118799999999891e-18
2.588034199999999885e+01 1.007852999999999994e-17
2.611980900000000005e+01 1.015554900000000035e-17
2.636149299999999940e+01 1.022899300000000037e-17
2.660541299999999865e+01 1.029867500000000040e-17
2.685159000000000162e+01 1.036441500000000048e-17
2.710004500000000149e+01 1.042602499999999996e-17
2.735079800000000105e+01 1.048332200000000034e-17
2.760387199999999908e+01 1.053612399999999957e-17
2.785928699999999836e+01 1.058425800000000046e-17
2.811706600000000122e+01 1.062753700000000031e-17
2.837723000000000084e+01 1.066578599999999980e-17
2.863980199999999954e+01 1.069882999999999964e-17
2.890480200000000011e+01 1.072649800000000010e-17
2.917225499999999982e+01 1.074862400000000056e-17
2.944218299999999999e+01 1.076505100000000064e-17
2.971460799999999836e+01 1.077562700000000057e-17
2.998955399999999827e+01 1.078020899999999930e-17
3.026704399999999850e+01 1.077866000000000055e-17
3.054710100000000139e+01 1.077084900000000046e-17
3.082975000000000065e+01 1.075666099999999971e-17
3.111501399999999862e+01 1.073599499999999986e-17
3.140291799999999967e+01 1.070875800000000007e-17
3.169348600000000005e+01 1.067487499999999998e-17
3.198674199999999956e+01 1.063428500000000011e-17
3.228271099999999905e+01 1.058694499999999987e-17
3.258142000000000138e+01 1.053282800000000011e-17
3.288289199999999823e+01 1.047192800000000069e-17
3.318715399999999960e+01 1.040425499999999980e-17
3.349423000000000172e+01 1.032983999999999926e-17
3.380414900000000245e+01 1.024873499999999988e-17
3.411693499999999801e+01 1.016101800000000055e-17
3.443261499999999842e+01 1.006678099999999950e-17
3.475121599999999944e+01 9.966135500000000074e-18
3.507276499999999686e+01 9.859215300000000744e-18
3.539728900000000067e+01 9.746170199999999866e-18
3.572481599999999702e+01 9.627172199999999754e-18
3.605537400000000048e+01 9.502412299999999608e-18
3.638898999999999972e+01 9.372096100000000437e-18
3.672569299999999970e+01 9.236449099999999236e-18
3.706551199999999824e+01 9.095712300000000069e-18
3.740847500000000281e+01 8.950164499999999951e-18
3.775461099999999703e+01 8.800056699999999604e-18
3.810395100000000213e+01 8.645684199999999542e-18
3.845652199999999965e+01 8.487330000000000274e-18
3.881235600000000119e+01 8.325301600000000364e-18
3.917148199999999747e+01 8.159914800000000331e-18
3.953393100000000260e+01 7.991490399999999796e-18
3.989973400000000225e+01 7.820354900000000373e-18
4.026892200000000344e+01 7.646838800000000181e-18
4.064152599999999893e+01 7.471274699999999859e-18
4.101757700000000284e+01 7.293996999999999785e-18
4.139710800000000290e+01 7.115339700000000220e-18
4.178015099999999649e+01 6.935633000000000356e-18
4.216673800000000227e+01 6.755203900000000023e-18
4.255690200000000090e+01 6.574375800000000343e-18
4.295067600000000141e+01 6.393464899999999640e-18
4.334809400000000323e+01 6.212778100000000158e-18
4.374918900000000122e+01 6.032613199999999651e-18
4.415399500000000188e+01 5.853257300000000169e-18
4.456254700000000213e+01 5.674985100000000265e-18
4.497487900000000138e+01 5.498059099999999671e-18
4.539102700000000112e+01 5.322728999999999898e-18
4.581102500000000077e+01 5.149229800000000238e-18
4.623490900000000181e+01 4.977783900000000278e-18
4.666271499999999861e+01 4.808609700000000015e-18
4.709447999999999723e+01 4.641883300000000224e-18
4.753023999999999916e+01 4.477781299999999893e-18
4.797003200000000334e+01 4.316466100000000168e-18
4.841389300000000162e+01 4.158084500000000102e-18
4.886186099999999755e+01 4.002769799999999946e-18
4.931397400000000175e+01 3.850639900000000230e-18
4.977027100000000104e+01 3.701798200000000086e-18
5.023078999999999894e+01 3.556334300000000146e-18
5.069556899999999899e+01 3.414325200000000183e-18
5.116465000000000174e+01 3.275835099999999823e-18
5.163806999999999903e+01 3.140916600000000043e-18
5.211587099999999850e+01 3.009614199999999918e-18
5.259809400000000323e+01 2.881955800000000003e-18
5.308477800000000002e+01 2.757961000000000050e-18
5.357596499999999651e+01 2.637641000000000138e-18
5.407169799999999782e+01 2.520998299999999819e-18
5.457201700000000244e+01 2.408026499999999980e-18
5.507696500000000128e+01 2.298711600000000140e-18
5.558658599999999694e+01 2.193032899999999849e-18
5.610092300000000165e+01 2.090962400000000065e-18
5.662001800000000173e+01 1.992466500000000167e-18
5.714391700000000185e+01 1.897505799999999821e-18
5.767266300000000001e+01 1.806037099999999935e-18
5.820630100000000340e+01 1.718013000000000035e-18
5.874487799999999993e+01 1.633375599999999962e-18
5.928843700000000183e+01 1.552067300000000024e-18
5.983702699999999908e+01 1.474026800000000066e-18
6.039069200000000137e+01 1.399189599999999989e-18
6.094948000000000121e+01 1.327487899999999922e-18
6.151343899999999820e+01 1.258851500000000084e-18
6.208261499999999700e+01 1.193207100000000015e-18
6.265705899999999673e+01 1.130479300000000007e-18
6.323681700000000205e+01 1.070590300000000063e-18
6.382193999999999789e+01 1.013460500000000062e-18
6.441247799999999302e+01 9.590083499999999111e-19
6.500847899999999413e+01 9.071508399999999899e-19
6.560999499999999784e+01 8.578035699999999790e-19
6.621707700000000330e+01 8.108808899999999762e-19
6.682977599999999541e+01 7.662962199999999711e-19
6.744814399999999921e+01 7.239624000000000398e-19
6.807223399999999458e+01 6.837917899999999882e-19
6.870209900000000403e+01 6.456965899999999815e-19
6.933779099999999573e+01 6.095892100000000324e-19
6.997936599999999885e+01 5.753826299999999870e-19
7.062687699999999325e+01 5.429906700000000438e-19
7.128037999999999386e+01 5.123285199999999793e-19
7.193992900000000645e+01 4.833129800000000048e-19
7.260558100000000081e+01 4.558624900000000434e-19
7.327739200000000608e+01 4.298977299999999955e-19
7.395541900000000624e+01 4.053420899999999771e-19
7.463971999999999696e+01 3.821217499999999963e-19
7.533035300000000234e+01 3.601658800000000090e-19
7.602737600000000384e+01 3.394068400000000240e-19
7.673084900000000630e+01 3.197802600000000196e-19
7.744083100000000286e+01 3.012251599999999869e-19
7.815738199999999836e+01 2.836839099999999956e-19
7.888056299999999510e+01 2.671022200000000179e-19
7.961043600000000708e+01 2.514290499999999802e-19
8.034706300000000567e+01 2.366165400000000225e-19
8.109050499999999317e+01 2.226197899999999934e-19
8.184082600000000696e+01 2.093967100000000095e-19
8.259808999999999912e+01 1.969078199999999899e-19
8.336236100000000704e+01 1.851159999999999949e-19
8.413370299999999702e+01 1.739862799999999933e-19
8.491218299999999886e+01 1.634856299999999910e-19
8.569786499999999307e+01 1.535827400000000072e-19
8.649081800000000442e+01 1.442478300000000020e-19
8.729110799999999415e+01 1.354524599999999956e-19
8.809880200000000627e+01 1.271693999999999935e-19
8.891397100000000364e+01 1.193724899999999999e-19
8.973668100000000436e+01 1.120366300000000096e-19
9.056700499999999465e+01 1.051374700000000007e-19
9.140501100000000179e+01 9.865155499999999669e-20
9.225077100000000030e+01 9.255630299999999672e-20
9.310435699999999315e+01 8.682993499999999456e-20
9.396584099999999751e+01 8.145148499999999816e-20
9.483529599999999959e+01 7.640080099999999668e-20
9.571279599999999732e+01 7.165855999999999611e-20
9.659841600000000028e+01 6.720628699999999517e-20
9.749223000000000638e+01 6.302637299999999430e-20
9.839431399999999428e+01 5.910208299999999694e-20
9.930474599999999441e+01 5.541754700000000506e-20
1.002236000000000047e+02 5.195778500000000213e-20
1.011509599999999978e+02 4.870869900000000000e-20
1.020869000000000000e+02 4.565705700000000019e-20
1.030314999999999941e+02 4.279047199999999949e-20
1.039848300000000023e+02 4.009738300000000197e-20
1.049469899999999996e+02 3.756701599999999763e-20
1.059180599999999970e+02 3.518934799999999864e-20
1.068980999999999995e+02 3.295506500000000255e-20
1.078872199999999992e+02 3.085551699999999995e-20
1.088854900000000043e+02 2.888266899999999974e-20
1.098929899999999975e+02 2.702905200000000004e-20
1.109098199999999963e+02 2.528771400000000142e-20
1.119360599999999977e+02 2.365220599999999856e-20
1.129717899999999986e+02 2.211644099999999955e-20
1.140170999999999992e+02 2.067474200000000063e-20
1.150720900000000029e+02 1.932177899999999998e-20
1.161368400000000065e+02 1.805253300000000098e-20
1.172114399999999961e+02 1.686226400000000100e-20
1.182959800000000001e+02 1.574648399999999907e-20
1.193905599999999936e+02 1.470093999999999913e-20
1.204952700000000050e+02 1.372158899999999999e-20
1.216102000000000061e+02 1.280458799999999972e-20
1.227354500000000002e+02 1.194627900000000075e-20
1.238710999999999984e+02 1.114318299999999984e-20
1.250172699999999963e+02 1.039199000000000007e-20
1.261740400000000051e+02 9.689556700000000485e-21
1.273415099999999995e+02 9.032896500000000496e-21
1.285197900000000004e+02 8.419180299999999433e-21
1.297089699999999937e+02 7.845730399999999755e-21
1.309091500000000110e+02 7.310017000000000471e-21
1.321204400000000021e+02 6.809653699999999415e-21
1.333429299999999955e+02 6.342394000000000209e-21
1.345767400000000009e+02 5.906125400000000321e-21
1.358219599999999900e+02 5.498861199999999670e-21
1.370787100000000009e+02 5.118739200000000265e-21
1.383470800000000054e+02 4.764014100000000161e-21
1.396271900000000130e+02 4.433053099999999817e-21
1.409191500000000019e+02 4.124319699999999626e-21
1.422230600000000038e+02 3.836378100000000327e-21
1.435390299999999968e+02 3.567883500000000081e-21
1.448671799999999905e+02 3.317575599999999813e-21
1.462076199999999915e+02 3.084272900000000184e-21
1.475604600000000062e+02 2.866867299999999888e-21
1.489258199999999874e+02 2.664319299999999993e-21
1.503038200000000018e+02 2.475653499999999829e-21
1.516945599999999956e+02 2.299954500000000155e-21
1.530981700000000103e+02 2.136362999999999828e-21
1.545147699999999986e+02 1.984072500000000001e-21
1.559444799999999987e+02 1.842326799999999964e-21
1.573874199999999917e+02 1.710416599999999896e-21
1.588437000000000126e+02 1.587677599999999925e-21
1.603134699999999953e+02 1.473487500000000017e-21
1.617968299999999999e+02 1.367264499999999918e-21
1.632939200000000142e+02 1.268464500000000060e-21
1.648048599999999908e+02 1.176579599999999997e-21
1.663297799999999995e+02 1.091135799999999956e-21
1.678688099999999963e+02 1.011691400000000084e-21
1.694220799999999940e+02 9.378344099999999514e-22
1.709897200000000055e+02 8.691814399999999182e-22
1.725718699999999899e+02 8.053757099999999974e-22
1.741686599999999885e+02 7.460850600000000330e-22
1.757802200000000141e+02 6.909993300000000434e-22
1.774066899999999976e+02 6.398302700000000302e-22
1.790482199999999864e+02 5.923093799999999932e-22
1.807049299999999903e+02 5.481864099999999703e-22
1.823769700000000000e+02 5.072280699999999900e-22
1.840644900000000064e+02 4.692168099999999646e-22
1.857676099999999906e+02 4.339491899999999757e-22
1.874865000000000066e+02 4.012354499999999917e-22
1.892212900000000104e+02 3.708983299999999820e-22
1.909721399999999960e+02 3.427721899999999942e-22
1.927391800000000046e+02 3.167022700000000179e-22
1.945225700000000018e+02 2.925439900000000216e-22
1.963224700000000098e+02 2.701622900000000228e-22
1.981390199999999879e+02 2.494310900000000213e-22
1.999723700000000122e+02 2.302327199999999783e-22
2.018226999999999975e+02 2.124574800000000200e-22
2.036901400000000137e+02 1.960031200000000113e-22
2.055748600000000010e+02 1.807744500000000111e-22
2.074770200000000102e+02 1.666828799999999900e-22
2.093967800000000068e+02 1.536460499999999965e-22
2.113343099999999879e+02 1.415874299999999934e-22
2.132897600000000011e+02 1.304359300000000089e-22
2.152633099999999899e+02 1.201256999999999954e-22
2.172551100000000019e+02 1.105954600000000088e-22
2.192653500000000122e+02 1.017882699999999971e-22
2.212941899999999862e+02 9.365140200000000512e-23
2.233418000000000063e+02 8.613591500000000232e-23
2.254083500000000129e+02 7.919638399999999943e-23
2.274940300000000093e+02 7.279063400000000402e-23
2.295990099999999927e+02 6.687949099999999507e-23
2.317234599999999887e+02 6.142656399999999569e-23
2.338675700000000006e+02 5.639803199999999726e-23
2.360315200000000004e+02 5.176245999999999889e-23
2.382154899999999884e+02 4.749062199999999867e-23
2.404196699999999964e+02 4.355535000000000263e-23
2.426442499999999995e+02 3.993138499999999898e-23
2.448894099999999980e+02 3.659525399999999709e-23
2.471553399999999954e+02 3.352514300000000094e-23
2.494422399999999982e+02 3.070080299999999900e-23
2.517503000000000100e+02 2.810345099999999711e-23
2.540797200000000089e+02 2.571561600000000033e-23
2.564306900000000269e+02 2.352112400000000060e-23
2.588034200000000169e+02 2.150498999999999869e-23
2.611980899999999792e+02 1.965333800000000029e-23
2.636149300000000153e+02 1.795332699999999888e-23
2.660541299999999865e+02 1.639308000000000027e-23
2.685158999999999878e+02 1.496165300000000081e-23
2.710004500000000007e+02 1.364887099999999916e-23
2.735079799999999750e+02 1.244534799999999952e-23
2.760387200000000121e+02 1.134242799999999937e-23
2.785928700000000049e+02 1.033211700000000013e-23
2.811706599999999980e+02 9.407033799999999843e-24
2.837722999999999729e+02 8.560364399999999303e-24
2.863980199999999741e+02 7.785816700000000680e-24
2.890480200000000082e+02 7.077581799999999683e-24
2.917225500000000125e+02 6.430296599999999793e-24
2.944218299999999999e+02 5.839009799999999961e-24
2.971460799999999836e+02 5.299150600000000114e-24
2.998955399999999827e+02 4.806500400000000021e-24
3.026704399999999850e+02 4.357166200000000308e-24
3.054710099999999784e+02 3.947556599999999825e-24
3.082975000000000136e+02 3.574359400000000136e-24
3.111501400000000217e+02 3.234521600000000140e-24
3.140291799999999967e+02 2.925229700000000014e-24
3.169348600000000147e+02 2.643892900000000177e-24
3.198674199999999814e+02 2.388126900000000168e-24
3.228271100000000047e+02 2.155737700000000103e-24
3.258142000000000280e+02 1.944707499999999818e-24
3.288289199999999823e+02 1.753185799999999892e-24
3.318715399999999818e+02 1.579469600000000091e-24
3.349422999999999888e+02 1.422004499999999958e-24
3.380414900000000102e+02 1.279350099999999992e-24
3.411693500000000085e+02 1.150192799999999919e-24
3.443261499999999842e+02 1.033330400000000042e-24
3.475121599999999944e+02 9.276599099999999937e-25
3.507276499999999828e+02 8.321724900000000168e-25
3.539728900000000067e+02 7.459450999999999729e-25
3.572481599999999844e+02 6.681335400000000457e-25
3.605537400000000048e+02 5.979660600000000051e-25
3.638899000000000115e+02 5.347374600000000044e-25
3.672569300000000112e+02 4.778036900000000225e-25
3.706551200000000108e+02 4.265767799999999800e-25
3.740847499999999854e+02 3.805202799999999777e-25
3.775461099999999988e+02 3.391449700000000127e-25
3.810395100000000070e+02 3.020049700000000076e-25
3.845652200000000107e+02 2.686941099999999976e-25
3.881235599999999977e+02 2.388426100000000091e-25
3.917148199999999747e+02 2.121140300000000125e-25
3.953393100000000118e+02 1.882024400000000010e-25
3.989973400000000083e+02 1.668298499999999979e-25
4.026892199999999775e+02 1.477438099999999903e-25
4.064152599999999893e+02 1.307152399999999970e-25
4.101757700000000000e+02 1.155363800000000009e-25
4.139710799999999722e+02 1.020191300000000031e-25
4.178015100000000075e+02 8.999352700000000099e-26
4.216673799999999801e+02 7.930459600000000081e-26
4.255690200000000232e+02 6.981297900000000537e-26
4.295067599999999857e+02 6.139251800000000328e-26
4.334809399999999755e+02 5.393037000000000169e-26
4.374918900000000122e+02 4.732377599999999773e-26
4.415399499999999762e+02 4.148058399999999795e-26
4.456254700000000071e+02 3.631790000000000044e-26
4.497487899999999854e+02 3.176123300000000237e-26
4.539102700000000254e+02 2.774371599999999813e-26
4.581102500000000077e+02 2.420538399999999924e-26
4.623490899999999897e+02 2.109251799999999972e-26
4.666271499999999719e+02 1.835704399999999891e-26
4.709447999999999865e+02 1.595599099999999874e-26
4.753023999999999774e+02 1.385095799999999951e-26
4.797003199999999765e+02 1.200768200000000009e-26
4.841389300000000162e+02 1.039562000000000051e-26
4.886186099999999897e+02 8.987567100000000139e-27
4.931397400000000175e+02 7.759311399999999669e-27
4.977027100000000246e+02 6.689327199999999578e-27
